

n_start =

     1


m2 =

   -0.3909


npts2 =

    12


found2 =

  logical

   1


o1 =

   29.2410


o2 =

   21.3510


x1 =

   24.2263


x2 =

    7.2055


vh =

   349


ih =

   503


h =

    3.8890


xh =

   46.4665