
o1 =

   45.0000


o2 =

   50.7106


x1 =

   14.6651


x2 =

    6.7667


vh =

   311


ih =

   157


h =

    4.8629


xh =

   48.0370