vitesse=24_volume=004_pression=349_temperature=232_image=450.jpg

n_start =

   450


m2 =

   -0.0769


npts2 =

    14


found2 =

  logical

   1


o1 =

   38.0616


o2 =

    4.3987


x1 =

   32.3095


x2 =

   15.8661


vh =

   342


ih =

   127


h =

    3.0209


xh =

   29.6767