oa = 45.0000

ob = 50.7106