n_start =

   499


m2 =

   -0.0769


npts2 =

    14


found2 =

  logical

   1


o1 =

   14.0362


o2 =

    4.3987


x1 =

   38.1986


x2 =

   21.4781


vh =

   332


ih =

   207


h =

    3.0069


xh =

   25.6813