n_start =

   506


m2 =

   -0.0629


npts2 =

    13


found2 =

  logical

   1


o1 =

   72.4230


o2 =

    3.6013


x1 =

   39.1686


x2 =

   21.8245


vh =

   345


ih =

    75


h =

    2.4375


xh =

   21.2933