n_start =

   497


m2 =

   -0.0788


npts2 =

    11


found2 =

  logical

   1


o1 =

   75.4902


o2 =

    4.5049


x1 =

   37.7367


x2 =

   20.9007


vh =

   343


ih =

    99


h =

    2.6069


xh =

   23.3025
