n_start =

   501


m2 =

   -0.1515


npts2 =

    11


found2 =

  logical

   1


o1 =

   52.8257


o2 =

    8.6156


x1 =

   38.7298


x2 =

   21.6397


vh =

   336


ih =

    86


h =

    2.6964


xh =

   22.1247