n_start =

   487


m2 =

   -0.1071


npts2 =

    16


found2 =

  logical

   1


o1 =

   46.8717


o2 =

    6.1155


x1 =

   35.4965


x2 =

   20.3233


vh =

   339


ih =

   104


h =

    2.8608


xh =

   25.9353