
n_start =

   505


m2 =

   -0.0182


npts2 =

    12


found2 =

  logical

   1


o1 =

   10.8855


o2 =

    1.0416


x1 =

   38.5219


x2 =

   21.8476


vh =

   331


ih =

   203


h =

    3.0045


xh =

   25.2656