n_start =

   500


m2 =

   -0.1538


npts2 =

    14


found2 =

  logical

   1


o1 =

   32.3485


o2 =

    8.7462


x1 =

   38.2679


x2 =

   21.5935


vh =

   344


ih =

   107


h =

    2.5810


xh =

   23.2564