n_start =

   504


m2 =

   -0.1297


npts2 =

    15


found2 =

  logical

   1


o1 =

   47.4739


o2 =

    7.3883


x1 =

   38.9838


x2 =

   21.7783


vh =

   343


ih =

    76


h =

    2.5149


xh =

   21.8014